# oST version 5.0 parameters


[image]

width
320

height
240

[narrow_stereo]

camera matrix
740.521202 0.000000 124.570692
0.000000 740.201241 139.069021
0.000000 0.000000 1.000000

distortion
-0.285117 -0.502685 -0.002290 0.000648 0.000000

rectification
1.000000 0.000000 0.000000
0.000000 1.000000 0.000000
0.000000 0.000000 1.000000

projection
727.434937 0.000000 123.488013 0.000000
0.000000 734.042175 139.252739 0.000000
0.000000 0.000000 1.000000 0.000000

