image_width: 320
image_height: 240
camera_name: narrow_stereo
camera_matrix:
  rows: 3
  cols: 3
  data: [740.521202, 0.000000, 124.570692, 0.000000, 740.201241, 139.069021, 0.000000, 0.000000, 1.000000]
distortion_model: plumb_bob
distortion_coefficients:
  rows: 1
  cols: 5
  data: [-0.285117, -0.502685, -0.002290, 0.000648, 0.000000]
rectification_matrix:
  rows: 3
  cols: 3
  data: [1.000000, 0.000000, 0.000000, 0.000000, 1.000000, 0.000000, 0.000000, 0.000000, 1.000000]
projection_matrix:
  rows: 3
  cols: 4
  data: [727.434937, 0.000000, 123.488013, 0.000000, 0.000000, 734.042175, 139.252739, 0.000000, 0.000000, 0.000000, 1.000000, 0.000000]
