image_width: 640
image_height: 480
camera_name: narrow_stereo
camera_matrix:
  rows: 3
  cols: 3
  data: [370.452555, 0.000000, 305.820715, 0.000000, 371.371241, 247.399201, 0.000000, 0.000000, 1.000000]
distortion_model: plumb_bob
distortion_coefficients:
  rows: 1
  cols: 5
  data: [-0.308715, 0.082085, -0.000591, 0.002123, 0.000000]
rectification_matrix:
  rows: 3
  cols: 3
  data: [1.000000, 0.000000, 0.000000, 0.000000, 1.000000, 0.000000, 0.000000, 0.000000, 1.000000]
projection_matrix:
  rows: 3
  cols: 4
  data: [272.664459, 0.000000, 306.224005, 0.000000, 0.000000, 314.936005, 249.882312, 0.000000, 0.000000, 0.000000, 1.000000, 0.000000]
