# oST version 5.0 parameters


[image]

width
640

height
480

[narrow_stereo]

camera matrix
370.452555 0.000000 305.820715
0.000000 371.371241 247.399201
0.000000 0.000000 1.000000

distortion
-0.308715 0.082085 -0.000591 0.002123 0.000000

rectification
1.000000 0.000000 0.000000
0.000000 1.000000 0.000000
0.000000 0.000000 1.000000

projection
272.664459 0.000000 306.224005 0.000000
0.000000 314.936005 249.882312 0.000000
0.000000 0.000000 1.000000 0.000000

