# oST version 5.0 parameters


[image]

width
1280

height
720

[narrow_stereo]

camera matrix
718.094968 0.000000 616.863483
0.000000 719.908507 369.956106
0.000000 0.000000 1.000000

distortion
-0.288157 0.072863 0.000133 0.000443 0.000000

rectification
1.000000 0.000000 0.000000
0.000000 1.000000 0.000000
0.000000 0.000000 1.000000

projection
527.966125 0.000000 608.935645 0.000000
0.000000 662.949097 371.907403 0.000000
0.000000 0.000000 1.000000 0.000000

