# oST version 5.0 parameters


[image]

width
1280

height
960

[narrow_stereo]

camera matrix
705.245984 0.000000 615.356588
0.000000 709.069605 482.834087
0.000000 0.000000 1.000000

distortion
-0.267103 0.060012 0.002990 0.001432 0.000000

rectification
1.000000 0.000000 0.000000
0.000000 1.000000 0.000000
0.000000 0.000000 1.000000

projection
517.275940 0.000000 608.949425 0.000000
0.000000 606.976624 489.415047 0.000000
0.000000 0.000000 1.000000 0.000000

