image_width: 1280
image_height: 960
camera_name: narrow_stereo
camera_matrix:
  rows: 3
  cols: 3
  data: [705.245984, 0.000000, 615.356588, 0.000000, 709.069605, 482.834087, 0.000000, 0.000000, 1.000000]
distortion_model: plumb_bob
distortion_coefficients:
  rows: 1
  cols: 5
  data: [-0.267103, 0.060012, 0.002990, 0.001432, 0.000000]
rectification_matrix:
  rows: 3
  cols: 3
  data: [1.000000, 0.000000, 0.000000, 0.000000, 1.000000, 0.000000, 0.000000, 0.000000, 1.000000]
projection_matrix:
  rows: 3
  cols: 4
  data: [517.275940, 0.000000, 608.949425, 0.000000, 0.000000, 606.976624, 489.415047, 0.000000, 0.000000, 0.000000, 1.000000, 0.000000]
